snort1,snort2,snort3,snort4





















0,
0,
0,
0,
0,
0,
0,
0,
0,
0,
0,
0,
0,
951371,
1512261,
1512501,
1513583,
1510951,
1512705,
1511290,
1511984,
1512110,
1511638,
1512275,
1511463,
1513028,
1510550,
1512744,
1511960,
1513014,
1512396,
1511146,
1511687,
1510698,
1512169,
1513000,
1512039,
1512056,
1513018,
1510316,
1511482,
1511038,
1512448,
1511406,
1512525,
1512330,
1512306,
1510755,
1512545,
1511913,
1511614,
1511588,
1512684,
1511738,
1513506,
1512514,
1510844,
1513149,
1512029,
1511364,
1511752,
1511235,
1512451,
1511787,
1513087,
1511995,
1511487,
1510113,
1512001,
824043,
0,
0,
0,
0,
0,
0,
0,
0,
1438852,
1511768,
1512007,
1511040,
1511379,
1512758,
1513194,
1512821,
1512946,
1319570,
0,
0,
0,
0,
0,
0,
snort1,snort2,snort3,snort4




0,
0,0,0,0,
0,0,0,0,
0,0,0,0,
0,0,0,0,
0,0,0,0,
0,0,0,0,
0,0,0,0,
0,0,0,0,
0,0,0,0,
0,0,0,0,
0,0,0,0,
0,0,0,0,
0,0,0,0,
9808,9812,0,9811,
96928,97216,0,91488,
97888,97792,0,93344,
97248,97504,0,94176,
96416,96576,0,91104,
96736,95968,0,92192,
97056,95520,0,92608,
96896,95776,0,91232,
96320,95808,0,92800,
95744,96992,0,93312,
96768,95776,0,91264,
96896,95776,0,91232,
96576,95808,0,91872,
98752,98368,0,94304,
96448,96512,0,92224,
96384,96288,0,92256,
96960,96000,0,92480,
96320,96096,0,91072,
96544,96224,0,92256,
96800,95840,0,92704,
27248,27244,0,25741,
0,0,0,0,
0,0,0,0,
0,0,0,0,
0,0,0,0,
0,0,0,0,
snort1,snort2,snort3,snort4




0,
0,
0,
0,
0,
0,
0,
0,
0,
0,
0,
827061,
1511706,
1512696,
1511592,
1513323,
1511686,
1511270,
1512718,
1512036,
1511376,
1511506,
1512253,
1408339,
0,
0,
0,
0,
0,
snort1,snort2,snort3,snort4



























0,
0,
0,
0,
0,
0,0,
0,0,
0,0,
0,0,
0,0,
0,0,
0,0,0,
0,0,0,
0,0,0,
0,0,0,
0,0,0,0,
0,0,0,0,
0,0,0,0,
0,0,0,0,
0,0,0,0,
0,0,0,0,
0,0,0,0,
0,0,0,0,
0,0,0,0,
1176010,1160349,1159701,0,
1226754,1213248,1215555,0,
1228328,1214003,1214015,0,
1227861,1213605,1211760,0,
1227757,1214339,1211886,0,
1227622,1213736,1214266,0,
1225752,1214580,1213735,0,
1228100,1213664,1212816,0,
1228634,1213164,1214264,0,
1227877,1213628,1212341,0,
1227748,1213926,1213289,0,
1227909,1213663,1214210,0,
1228673,1212740,1212812,0,
1227283,1214924,1212387,0,
1228499,1213205,1213040,0,
1228444,1210937,1214207,0,
1225718,1214470,1212599,0,
1227165,1214640,1212902,0,
1227921,1213647,1213361,0,
1225926,1215140,1212982,0,
1229047,1212460,1209522,0,
1227124,1214035,1211205,0,
1228375,1213088,1214639,0,
1227832,1213215,1211723,0,
1227295,1215081,1214660,0,
1227075,1214760,1214290,0,
1036019,1024193,1026082,0,
0,0,0,0,
0,0,0,0,
0,0,0,
0,0,0,
0,0,0,
snort1,snort2,snort3,snort4










0,
0,
0,
0,
0,
0,
0,
0,
0,
0,
0,
0,
0,0,
0,0,
0,0,
0,0,
0,0,
0,0,
0,0,
0,0,
0,0,
0,0,0,
0,0,0,
0,0,0,
0,0,0,0,
0,0,0,0,
0,0,0,0,
0,0,0,0,
0,0,0,0,
0,0,0,0,
0,0,0,0,
0,0,0,0,
0,0,0,0,
0,0,0,0,
0,0,0,0,
0,0,0,0,
0,0,0,0,
0,0,0,0,
0,0,0,0,
0,0,0,0,
0,0,0,0,
0,0,0,0,
0,0,0,0,
0,0,0,0,
0,0,0,0,
0,0,0,0,
0,0,0,0,
0,0,0,0,
0,0,0,0,
0,0,0,0,
0,0,0,0,
0,0,0,0,
0,0,0,0,
0,0,0,0,
0,0,0,0,
0,0,0,0,
0,0,0,0,
0,0,0,0,
581603,573671,572410,0,
1045119,1032916,1030287,0,
1045032,1033715,1031648,0,
1046958,1034074,1029947,0,
1046134,1032754,1028533,0,
1046752,1034780,1030860,0,
1046351,1033400,1031092,0,
1044206,1033355,1028460,0,
841043,822834,1436162,0,
787440,772741,1536737,0,
786910,771480,1537667,0,
787265,774239,1534358,0,
787523,773296,1536338,0,
787741,771764,1535043,0,
788963,773645,1539045,0,
787673,774333,1534539,0,
787270,772604,1534761,0,
787190,771608,1535492,0,
786791,772208,1535121,0,
786755,773268,1534604,0,
785771,770670,1533163,0,
786382,772641,1535514,0,
195201,191860,382026,0,
0,0,0,0,
0,0,0,0,
snort1,snort2,snort3,snort4






















0,
0,
0,
0,0,
0,0,
0,0,
0,0,
0,0,
0,0,
0,0,
0,0,
0,0,
0,0,
0,0,
0,0,
0,0,
0,0,0,
0,0,0,
0,0,0,
0,0,0,
0,0,0,0,
0,0,0,0,
0,0,0,0,
0,0,0,0,
0,0,0,0,
0,0,0,0,
0,0,0,0,
0,0,0,0,
0,0,0,0,
0,0,0,0,
0,0,0,0,
804422,796227,796251,0,
1045559,1032570,1030802,0,
1046147,1032122,1030828,0,
1045535,1033839,1031290,0,
1046047,1033291,1032509,0,
1036019,1024858,1049362,0,
786207,773772,1536882,0,
788412,773678,1536995,0,
786852,772208,1534738,0,
785660,773138,1535576,0,
788084,773936,1535687,0,
788158,772513,1537219,0,
787757,772692,1537548,0,
787306,773408,1535930,0,
788769,772844,1534573,0,
784653,772880,1536078,0,
786088,772016,1534042,0,
777322,758880,947063,561939,
772094,755443,759448,743431,
771823,754008,761368,743388,
774612,755853,760416,742760,
774260,755558,760892,742045,
771812,757238,760462,742123,
771473,755308,760166,744120,
771053,754735,760918,743744,
772215,755242,760672,744827,
772665,756293,760916,743174,
772339,754409,760332,744251,
773449,754052,760182,741856,
773096,755350,759850,743830,
773529,755044,759181,743540,
773295,754648,761283,743056,
769954,754452,758783,744543,
774270,755385,760051,743139,
771279,754852,760676,744375,
771878,754690,760051,744952,
773518,755255,761206,744142,
772811,755828,760755,744003,
774093,755563,760003,743588,
792426,773727,779069,762010,
773931,754657,761115,743782,
771335,755305,761485,742254,
771955,754598,760699,743683,
773951,755306,761539,743412,
772401,755390,759373,743265,
770083,755305,760224,742577,
771126,754790,759951,743071,
772980,756444,759894,744662,
773888,754459,760379,743222,
772652,755790,760514,742722,
770882,755093,759874,742938,
773329,754085,760576,743950,
771313,754840,759686,744604,
774946,755898,760268,742196,
772525,755985,762147,743007,
314691,308074,310494,302542,
0,0,0,0,
0,0,0,0,
0,0,0,0,
0,0,0,0,
0,0,0,0,
0,0,0,0,
snort1,snort2,snort3,snort4








0,
0,
0,0,
0,0,
0,0,0,
0,0,0,
0,0,0,
0,0,0,0,
0,0,0,0,
0,0,0,0,
0,0,0,0,
573857,566751,565725,0,
1045558,1032179,1029385,0,
1045999,1032911,1031886,0,
1045174,1032820,1029780,0,
1047333,1031870,1027421,0,
1046023,1034030,1031801,0,
1046037,1033347,1030296,0,
1046359,1033783,1031113,0,
980815,968660,1157327,0,
787315,772765,1537888,0,
788034,772467,1532040,0,
790112,772595,1539539,0,
787731,773577,1535842,0,
787326,773395,1535860,0,
785654,772166,1533107,0,
787564,771782,1533848,0,
786939,772678,1537704,0,
788061,772480,1536160,0,
787896,772544,1537257,0,
788551,773226,1536566,0,
789529,772774,1535764,0,
776638,760042,977835,536946,
772977,755409,759277,743256,
771963,755541,760169,742587,
770416,754039,758419,743968,
772239,754554,759834,742288,
771710,755386,761100,744778,
772263,755465,761880,742610,
772241,755310,761745,744158,
772645,754501,758797,743751,
773805,756257,760576,741926,
772078,755591,760089,742725,
771422,755635,759012,744019,
771832,753991,760359,743830,
771545,756053,761693,743385,
772193,756093,759476,743983,
13583,13174,13298,12974,
0,0,0,0,
snort1,snort2,snort3,snort4





0,
0,
0,
0,
0,0,
0,0,
0,0,
0,0,
0,0,
0,0,
0,0,
0,0,
0,0,
0,0,
0,0,0,
0,0,0,
0,0,0,0,
0,0,0,0,
0,0,0,0,
0,0,0,0,
0,0,0,0,
0,0,0,0,
880817,871419,870711,0,
1226975,1213790,1212579,0,
1228243,1212039,1214438,0,
1225240,1212823,1214327,0,
1229061,1211767,1211449,0,
1227992,1213300,1214909,0,
1228092,1211881,1213613,0,
1226420,1212002,1212938,0,
1228781,1211312,1213192,0,
1228250,1214334,1214498,0,
932913,913994,914139,843804,
914353,900310,900375,886392,
914143,900599,901861,886650,
916777,899595,900932,886120,
915212,899344,899739,887129,
915669,900088,901233,886328,
915783,900769,900898,886043,
915806,899459,900768,883962,
915588,899872,901181,886673,
915345,900842,900346,885813,
914610,899894,900337,886502,
916225,900378,902051,885655,
915813,900142,900022,885858,
913056,900054,900964,886347,
912363,898650,900849,886754,
916084,901185,900591,886360,
914225,901619,901304,886874,
913387,900000,902216,887369,
914770,900030,901274,885647,
930314,915635,916636,901624,
915365,900776,901014,885449,
914550,900342,901187,885692,
99113,97651,97164,95758,
0,0,0,0,
0,0,0,0,
0,0,0,0,
0,0,0,0,
0,0,0,0,
0,0,0,0,
0,0,0,0,
0,0,0,0,
0,0,0,0,
snort1,snort2,snort3,snort4

0,
0,
0,
0,
0,0,
0,0,
0,0,
0,0,
0,0,
0,0,0,
0,0,0,
0,0,0,
0,0,0,
0,0,0,0,
0,0,0,0,
0,0,0,0,
0,0,0,0,
0,0,0,0,
0,0,0,0,
0,0,0,0,
0,0,0,0,
0,0,0,0,
0,0,0,0,
0,0,0,0,
0,0,0,0,
0,0,0,0,
0,0,0,0,
1051981,1040435,1038788,0,
1054352,1042428,1041995,0,
1054649,1041650,1040410,0,
1054302,1041870,1039837,0,
1053794,1041193,1040240,0,
1055537,1042058,1041078,0,
1053538,1041138,1038819,0,
1055032,1044021,1041191,0,
1055204,1042782,1040037,0,
1055899,1043595,1039154,0,
1056514,1043410,1041003,0,
1054758,1043257,1041428,0,
675693,668038,664644,0,
0,0,0,0,
0,0,0,0,
0,0,0,0,
0,0,0,0,
snort1,snort2,snort3,snort4


0,
0,
0,
0,
0,0,
0,0,
0,0,
0,0,
0,0,
0,0,
0,0,
0,0,
0,0,
0,0,0,
0,0,0,
0,0,0,0,
0,0,0,0,
0,0,0,0,
0,0,0,0,
0,0,0,0,
0,0,0,0,
0,0,0,0,
0,0,0,0,
855401,847484,845279,0,
1054772,1042442,1038871,0,
1056432,1042876,1041909,0,
1053783,1042098,1040606,0,
1054930,1043218,1040008,0,
1054619,1042429,1040983,0,
1056560,1043407,1040107,0,
36986,35933,35904,0,
0,0,0,0,
0,0,0,0,
snort1,snort2,snort3,snort4

0,
0,
0,
0,
0,0,
0,0,
0,0,0,
0,0,0,
0,0,0,
0,0,0,0,
0,0,0,0,
0,0,0,0,
0,0,0,0,
0,0,0,0,
0,0,0,0,
0,0,0,0,
0,0,0,0,
0,0,0,0,
923403,0,0,0,
3104714,0,0,0,
3100487,0,0,0,
3108161,0,0,0,
3104091,0,0,0,
3108158,0,0,0,
3106090,0,0,0,
3098451,0,0,0,
3108347,0,0,0,
852007,0,0,0,
0,0,0,0,
0,0,0,0,
snort1,snort2,snort3,snort4


0,
0,
0,0,
0,0,
0,0,0,
0,0,0,
0,0,0,0,
0,0,0,0,
0,0,0,0,
0,0,0,0,
0,0,0,0,
0,0,0,0,
0,0,0,0,
0,0,0,0,
252660,250528,250373,0,
1176028,1159115,1156844,0,
1173218,1159676,1157082,0,
1173841,1159380,1155833,0,
1174345,1158857,1156339,0,
1284590,1268844,1264125,0,
1175395,1157796,1157621,0,
1175764,1159609,1155097,0,
1176561,1159577,1156937,0,
886857,876244,873672,0,
0,0,0,0,
0,0,0,0,
0,0,0,0,
0,0,0,0,
snort1,snort2,snort3,snort4



0,
0,
0,
0,0,
0,0,
0,0,
0,0,0,
0,0,0,
0,0,0,
0,0,0,0,
0,0,0,0,
0,0,0,0,
0,0,0,0,
0,0,0,0,
0,0,0,0,
0,0,0,0,
0,0,0,0,
233725,231544,230827,0,
1164658,1151961,1147756,0,
1165901,1151148,1148658,0,
1165433,1151842,1147638,0,
1166777,1152014,1147829,0,
1165903,1149905,1148234,0,
1164920,1150766,1149251,0,
1165232,1149993,1149025,0,
1163350,1153760,1147754,0,
1165895,1150818,1147437,0,
1165666,1150912,1145923,0,
1163899,1151630,1148925,0,
1166091,1150744,1149587,0,
1167385,1151248,1146733,0,
1165536,1150983,1147870,0,
1166719,1151736,1146840,0,
1165378,1151766,1147389,0,
1166854,1150598,1147326,0,
1166685,1150105,1147296,0,
1165178,1149187,1149071,0,
1167558,1149966,1147939,0,
1165572,1151092,1149245,0,
1166215,1149839,1147998,0,
1168023,1150775,1146219,0,
1166267,1151042,1146839,0,
1285948,1271675,1266880,0,
1164819,1151801,1148213,0,
1163115,1151112,1147907,0,
1165430,1150201,1146881,0,
1166002,1150672,1147693,0,
1165327,1151976,1147109,0,
1166517,1150016,1148930,0,
1165053,1150179,1148638,0,
1166450,1150314,1147942,0,
1166755,1149353,1147606,0,
1166752,1151281,1146671,0,
1165973,1150785,1147949,0,
1053565,1034685,1365305,0,
876282,859509,1704213,0,
877740,858535,1704826,0,
874399,857915,1705587,0,
874890,857535,1707162,0,
875054,857892,1707200,0,
875259,858727,1704902,0,
874459,857173,1705296,0,
876051,857523,1703798,0,
874217,857172,1705174,0,
874689,857813,1706164,0,
875449,857139,1706248,0,
873421,857918,1705778,0,
873569,857383,1707445,0,
876040,857571,1706019,0,
872534,858093,1706426,0,
875681,858321,1704381,0,
875007,857930,1704984,0,
874482,857130,1705696,0,
875302,857557,1705329,0,
875036,857218,1705504,0,
873997,858391,1705802,0,
959855,941360,1868827,0,
874756,858680,1705194,0,
875131,859568,1705137,0,
877026,856798,1705315,0,
877749,857918,1703639,0,
955611,938296,1866743,0,
873661,858800,1703777,0,
876071,857458,1705084,0,
875883,856662,1707250,0,
874698,857216,1707067,0,
209191,204416,406450,0,
0,0,0,0,
snort1,snort2,snort3,snort4



0,
0,
0,
0,
0,0,
0,0,
0,0,0,
0,0,0,
0,0,0,0,
0,0,0,0,
0,0,0,0,
0,0,0,0,
0,0,0,0,
0,0,0,0,
0,0,0,0,
731257,720267,0,716601,
1149506,1132550,0,1131174,
1148997,1133286,0,1128813,
1150728,1133415,0,1127667,
1149893,1132632,0,1129251,
1150328,1132914,0,1128702,
1150941,1134094,0,1129448,
1147960,1132607,0,1130907,
1150102,1131680,0,1128552,
1150318,1133113,0,1130179,
1150268,1131414,0,1130753,
1147798,1132288,0,1130444,
1149192,1134498,0,1128910,
1149933,1132292,0,1130075,
1149940,1132208,0,1129431,
1150273,1133800,0,1129667,
1149481,1132680,0,1129953,
1149496,1133704,0,1129445,
919610,900533,672111,890500,
861871,841073,845950,826321,
861864,838668,848959,825553,
862622,839067,847235,826347,
861871,838843,848714,826167,
860440,840225,846941,825286,
860125,841510,848455,825401,
860728,839867,847828,826584,
23869,23539,23490,22825,
0,0,0,0,
snort1,snort2,snort3,snort4































0,
0,
0,0,
0,0,
0,0,0,
0,0,0,0,
0,0,0,0,
0,0,0,0,
0,0,0,0,
0,0,0,0,
0,0,0,0,
0,0,0,0,
0,0,0,0,
0,0,0,0,
0,0,0,0,
0,0,0,0,
0,0,0,0,
0,0,0,0,
0,0,0,0,
0,0,0,0,
0,0,0,0,
0,0,0,0,
0,0,0,0,
0,0,0,0,
0,0,0,0,
0,0,0,0,
0,0,0,0,
0,0,0,0,
0,0,0,0,
0,0,0,0,
0,0,0,0,
0,0,0,0,
0,0,0,0,
0,0,0,0,
0,0,0,0,
0,0,0,0,
0,0,0,0,
0,0,0,0,
0,0,0,0,
0,0,0,0,
0,0,0,0,
0,0,0,0,
0,0,0,0,
0,0,0,0,
0,0,0,0,
0,0,0,0,
0,0,0,0,
0,0,0,0,
0,0,0,0,
0,0,0,0,
0,0,0,0,
0,0,0,0,
0,0,0,0,
0,0,0,0,
0,0,0,0,
0,0,0,0,
0,0,0,0,
0,0,0,0,
0,0,0,0,
0,0,0,0,
0,0,0,0,
0,0,0,0,
0,0,0,0,
0,0,0,0,
0,0,0,0,
0,0,0,0,
0,0,0,0,
0,0,0,0,
0,0,0,0,
snort1,snort2,snort3,snort4
































0,
0,0,
0,0,
0,0,
0,0,
0,0,0,
0,0,0,
0,0,0,
0,0,0,
0,0,0,
0,0,0,
0,0,0,
0,0,0,
0,0,0,
0,0,0,
0,0,0,
0,0,0,
0,0,0,
0,0,0,
0,0,0,
0,0,0,0,
0,0,0,0,
0,0,0,0,
0,0,0,0,
0,0,0,0,
0,0,0,0,
0,0,0,0,
0,0,0,0,
0,0,0,0,
0,0,0,0,
0,0,0,0,
0,0,0,0,
0,0,0,0,
0,0,0,0,
0,0,0,0,
0,0,0,0,
0,0,0,0,
0,0,0,0,
0,0,0,0,
456534,449724,448671,0,
1165396,1150011,1147886,0,
1164988,1151729,1150230,0,
1165291,1151316,1147618,0,
1165842,1151073,1145630,0,
1165425,1150864,1148334,0,
1163689,1152480,1147398,0,
1166537,1151124,1147299,0,
1165366,1151241,1147800,0,
1165979,1151173,1147637,0,
1166561,1148972,1148674,0,
1164755,1151459,1147848,0,
1165999,1151265,1147659,0,
1165117,1152299,1147914,0,
1167104,1150559,1146331,0,
1166787,1150729,1146421,0,
1166271,1151474,1147626,0,
1165625,1151100,1147504,0,
1166045,1152115,1147718,0,
1167516,1151088,1146667,0,
1166859,1151966,1147866,0,
1167169,1150284,1145948,0,
1166051,1151643,1148857,0,
1166669,1150512,1148262,0,
1167160,1151276,1148993,0,
1164506,1150586,1149214,0,
1166349,1152016,1147324,0,
1165303,1149835,1150039,0,
1166743,1151553,1146993,0,
751981,743911,739977,0,
0,0,0,0,
0,0,0,0,
0,0,0,0,
0,0,0,0,
0,0,0,0,
0,0,0,0,
0,0,0,0,
0,0,0,0,
0,0,0,0,
149910,148686,148641,0,
1141072,1127405,1126051,0,
1142880,1127943,1124470,0,
1144547,1126602,1124543,0,
1142294,1129611,1125224,0,
1142582,1127893,1124632,0,
1142202,1127163,1126445,0,
1143093,1127323,1124927,0,
839960,830172,829431,0,
0,0,0,0,
0,0,0,0,
0,0,0,0,
0,0,0,0,
0,0,0,0,
0,0,0,0,
0,0,0,0,
0,0,0,0,
539317,533782,530942,0,
767261,757641,755343,0,
765511,758838,756597,0,
766261,757653,756645,0,
767899,758172,754789,0,
766738,758659,755365,0,
767593,757664,755732,0,
767597,757650,755465,0,
767221,756695,756867,0,
767721,758282,754859,0,
766909,757302,756581,0,
766557,757955,756234,0,
767355,759419,754152,0,
766862,758199,755885,0,
768493,756313,756254,0,
767743,757463,755796,0,
766882,758456,755472,0,
767494,758029,755171,0,
767487,757938,755633,0,
768070,758142,754578,0,
767162,758087,755629,0,
768021,758124,754901,0,
767575,756892,756344,0,
767888,756085,756812,0,
768056,757194,755683,0,
767553,758524,754826,0,
767395,756546,756926,0,
767391,758626,755050,0,
767982,756348,756666,0,
767332,756883,756776,0,
767381,757378,756316,0,
779452,771185,768980,0,
766156,758044,756494,0,
767508,758457,754859,0,
766620,758899,755523,0,
766731,758850,755379,0,
767191,757869,755882,0,
767536,757478,755878,0,
767172,757885,755897,0,
766505,758533,755951,0,
767494,758031,755626,0,
767817,757307,755587,0,
767042,758474,755369,0,
767671,757668,755674,0,
767023,758021,755936,0,
766664,757738,756436,0,
767337,758289,755455,0,
766056,758201,756780,0,
768220,757155,755337,0,
766925,757603,756012,0,
767176,758331,755586,0,
766973,757060,756696,0,
767437,758170,755159,0,
766045,759091,755739,0,
768471,756226,756279,0,
766075,757832,756987,0,
766920,757771,756181,0,
767234,758204,755304,0,
767623,757864,755448,0,
476605,469679,467376,0,
0,0,0,0,
0,0,0,0,
0,0,0,0,
snort1,snort2,snort3,snort4

0,
0,
0,
0,
0,0,
0,0,
0,0,
0,0,
0,0,0,
0,0,0,
0,0,0,
0,0,0,
0,0,0,
0,0,0,0,
0,0,0,0,
0,0,0,0,
0,0,0,0,
0,0,0,0,
0,0,0,0,
0,0,0,0,
0,0,0,0,
0,0,0,0,
0,0,0,0,
0,0,0,0,
0,0,0,0,
586776,578377,575659,0,
1184267,1168090,1166289,0,
1183340,1168653,1164881,0,
1184349,1168411,1165758,0,
1183079,1168471,1167249,0,
1184937,1170858,1164131,0,
1183914,1167401,1166740,0,
1183805,1168969,1166204,0,
1182724,1168775,1166114,0,
1181548,1169463,1167025,0,
1183541,1169730,1164934,0,
1269541,1254416,1248179,0,
1185265,1169201,1162921,0,
1184756,1168961,1165050,0,
1184528,1170228,1165083,0,
1183403,1167850,1166401,0,
1184796,1168359,1165106,0,
1187255,1167859,1165581,0,
1183690,1169595,1162421,0,
1185328,1168421,1164623,0,
1184285,1167821,1166249,0,
1183979,1169094,1165726,0,
1184076,1168760,1165283,0,
1183757,1169545,1165368,0,
1184462,1167842,1165674,0,
1183487,1170773,1164628,0,
1184046,1169628,1165295,0,
1185960,1169386,1164637,0,
1182958,1168064,1166488,0,
1055397,1036100,1038609,347653,
872499,851457,859988,836742,
871735,850195,859298,837992,
873598,852287,860215,835483,
873373,850971,859210,836821,
871497,851021,859339,838403,
872359,849286,860111,837824,
872397,852049,858796,836891,
262985,256080,259228,252226,
0,0,0,0,
snort1,snort2,snort3,snort4

0,
0,0,
0,0,
0,0,
0,0,0,
0,0,0,
0,0,0,0,
0,0,0,0,
0,0,0,0,
0,0,0,0,
0,0,0,0,
0,0,0,0,
0,0,0,0,
833189,814131,820886,800598,
881336,859392,868583,844710,
880734,859523,869387,845292,
881959,859498,867429,847098,
880680,860611,868011,843764,
881623,859811,866936,846184,
882372,859067,868752,843182,
881753,859422,868078,845734,
881013,861071,867735,844320,
879824,859775,870248,845394,
881393,860893,867627,845961,
881769,859269,867524,845254,
882532,859317,867153,846749,
881594,859537,867226,844933,
882991,859646,866653,845391,
880340,860271,869349,844773,
880743,859194,868303,845059,
880488,858554,869317,845619,
882407,859332,867227,845951,
870392,848270,858880,834659,
0,0,0,0,
0,0,0,0,
0,0,0,0,
snort1,snort2,snort3,snort4

0,
0,
0,0,
0,0,
0,0,0,
0,0,0,
0,0,0,0,
0,0,0,0,
0,0,0,0,
55046,69719,43949,69753,
796786,801198,829959,774157,
889145,874513,723283,715383,
839241,761065,829567,772544,
869556,831116,743866,758488,
783902,791317,837151,790697,
843055,842594,754437,762854,
798040,829497,816951,758359,
806886,752776,773760,869234,
834212,775420,788314,803915,
760535,816012,841438,782796,
801043,780904,796595,822722,
797260,740938,810791,852993,
812866,784273,781536,824258,
775256,793785,761204,872673,
851318,815897,796936,737976,
826084,811330,769905,795299,
824426,842534,792030,744388,
848726,795449,792498,763154,
763706,836822,841265,760653,
715361,838791,802856,846034,
256942,186839,164133,207307,
0,0,0,0,
snort1,snort2,snort3,snort4



0,
0,
0,
0,0,
0,0,
0,0,0,
0,0,0,
0,0,0,0,
0,0,0,0,
0,0,0,0,
0,0,0,0,
0,0,0,0,
0,0,0,0,
9215,9111,9479,8994,
874509,850503,860167,835970,
872270,849769,857747,838591,
871840,852343,858170,836523,
873918,851978,858139,836350,
872544,850150,858286,838070,
872649,850762,859519,837219,
873230,849722,859231,837509,
873277,851113,858755,837829,
870864,852558,858222,836449,
119981,116896,118018,114638,
0,0,0,0,
0,0,0,0,
0,0,0,0,
0,0,0,0,
0,0,0,0,
0,0,0,0,
0,0,0,0,
0,0,0,0,
0,0,0,0,
0,0,0,0,
0,0,0,0,
0,0,0,0,
snort1,snort2,snort3,snort4


0,0,0,0,
0,0,0,0,
0,0,0,0,
0,0,0,0,
0,0,0,0,
0,0,0,0,
0,0,0,0,
0,0,0,0,
0,0,0,0,
0,0,0,0,
0,0,0,0,
0,0,0,0,
0,0,0,0,
0,0,0,0,
0,0,0,0,
0,0,0,0,
0,0,0,0,
0,0,0,0,
0,0,0,0,
0,0,0,0,
52557,53369,50801,0,
96224,96960,93120,0,
96096,96672,92416,0,
96512,96000,93184,0,
96224,96192,93024,0,
95488,94688,90400,0,
95136,95680,93344,0,
95456,94944,90944,0,
95072,95712,91584,0,
95808,94688,91104,0,
95392,95648,91840,0,
95104,95872,91072,0,
95232,95616,90752,0,
94880,96160,91328,0,
94240,96768,91104,0,
95296,95328,91232,0,
95200,95968,92224,0,
95072,96032,92544,0,
95072,95872,91680,0,
94112,94848,92768,61056,
95040,95104,95104,95104,
94976,95008,95040,95040,
95040,94976,95008,95040,
95040,95008,94976,94976,
94976,94976,94976,94976,
95040,95072,95104,95104,
95040,94976,94976,94976,
95040,95040,95040,95040,
23379,23399,23407,23392,
0,0,0,0,
